77
1 9779 9975
4169 151 4090
5133973 1991 5011
7822698 2968 9529
19562259 4114 7436
339258 3960 4162
185680 2109 2597
3388723 9389 9700
16264533 6456 9375
333091 628 1868
3606727 1070 3390
34250327 3926 9806
1 7149 7356
4171822 4952 7520
63106 164 383
5207518 4533 6309
5141952 8807 9333
11164352 404 5672
26013344 4841 8704
4367767 6297 7550
572379 1977 2283
4285424 5850 7796
1866460 1158 2189
9990001 4593 7036
10020569 1520 7618
7755261 5892 9259
3817239 9628 9985
2310533 5526 6275
4309993 9394 9741
5414474 5193 7871
12595377 1151 8868
10205081 4839 9122
1945724 9368 9928
419025 1199 1644
1245919 1193 8540
23234196 2459 9143
5874793 892 8303
1607222 1970 5468
3534992 2024 5106
3076805 7112 8633
758285 1154 6644
29362962 2890 9478
2299057 3672 4220
28929250 1311 7638
1423735 8246 9018
28592937 378 9122
21798798 5194 8848
1749388 8734 9584
75241 792 1169
2925939 4512 5277
1248745 2186 4558
12401809 5014 9673
2683745 1509 7279
6678539 3752 5191
690503 7458 7768
1853346 2566 9464
1 4668 4739
6361261 8408 9929
7982047 7296 8862
1258439 1963 2953
2200633 1565 5841
13310092 7201 9668
1336354 5524 5976
11514008 2322 7760
5090653 6171 7686
2799365 1843 7465
29534694 5173 9225
9756851 7165 9145
1 9652 9659
2332345 2373 5289
1 1312 8590
2405490 7407 9544
489330 8905 9084
401794 249 1054
7012475 7271 9591
1540132 6249 9346
350055 8206 8609
