80
1000000000 7715522 9343880
1000000000 9838939 9897309
1000000000 2413682 2847142
1000000000 2862281 8343999
1000000000 8226210 9358965
1000000000 6945515 7690930
1000000000 3282357 7855128
1000000000 6530421 7979528
1000000000 5245143 5687028
1000000000 3881935 9016831
1000000000 5073407 9314015
1000000000 9249507 9646800
1000000000 7594317 8160030
1000000000 776613 7220736
1000000000 2485313 2766645
1000000000 7055590 7465597
1000000000 7078473 8078381
1000000000 6017395 7341832
1000000000 6285489 7806070
1000000000 4682014 5270538
1000000000 7552000 9793976
1000000000 432038 9587926
1000000000 3619475 6477011
1000000000 8625262 9698725
1000000000 9352155 9876992
1000000000 3485835 5678968
1000000000 6326750 9759752
1000000000 320313 2194920
1000000000 1645511 9871624
1000000000 6847601 8917207
1000000000 5145713 7092146
1000000000 5113476 8851178
1000000000 3207243 6256352
1000000000 6719711 7072153
1000000000 5118608 8094313
1000000000 8919758 8961641
1000000000 7515833 8704169
1000000000 5384072 9947315
1000000000 8045999 9561647
1000000000 2504346 6893017
1000000000 4267686 6473819
1000000000 7551494 8573012
1000000000 7436927 9517681
1000000000 1631112 8325754
1000000000 6577869 7650136
1000000000 4498304 6139832
1000000000 1519564 9965995
1000000000 7526191 9281330
1000000000 4117160 4919991
1000000000 4575690 8082853
1000000000 3260301 3720614
1000000000 5145134 6962107
1000000000 2348071 5998738
1000000000 2980483 8832483
1000000000 156052 2478679
265932135 905309 907718
1000000000 6914858 8802510
1000000000 4367897 9349577
1000000000 3289776 3861160
1000000000 9342129 9589300
1000000000 4600318 5919497
1000000000 1870363 3337258
1000000000 297007 9806588
1000000000 2590013 4258396
1000000000 2090249 9920147
1000000000 8990525 9524859
1000000000 3489469 5609716
1000000000 2567670 6882351
1000000000 2751572 3282624
1000000000 9791540 9818259
1000000000 8673269 9652294
1000000000 6673575 8241212
1000000000 9715820 9903274
1000000000 6387311 7248061
1000000000 9827328 9868200
1000000000 9589616 9596795
1000000000 750248 6044762
1000000000 8015296 8769245
1000000000 9800998 9899153
1000000000 4097614 9287903
