80
1000000000 14779274 88451687
1000000000 28914277 83964223
1000000000 93454076 98217696
1000000000 40978894 71531295
1000000000 23107254 85220343
1000000000 13622781 53746450
1000000000 87722750 94377596
1000000000 57804044 59521451
1000000000 61130714 85373793
1000000000 38065292 46415525
1000000000 51013750 55218577
1000000000 99670946 99883751
1000000000 66399310 89710064
1000000000 23513624 98600831
1000000000 12787695 46022683
1000000000 52224714 71995917
1000000000 96168333 98691481
1000000000 5766447 24135110
1000000000 82605133 85731706
1000000000 74161969 87489658
1000000000 77115926 91509167
1000000000 91063654 99275557
1000000000 72754729 89168920
1000000000 31357633 94457293
1000000000 34183296 77050653
1000000000 39753144 58533276
1000000000 36511875 93087668
1000000000 90679474 96348146
1000000000 29412757 92161287
1000000000 6544720 14014663
1000000000 28115265 81693172
1000000000 70332462 72396750
1000000000 49668042 79750449
1000000000 58847124 64782668
1000000000 96598888 97246324
1000000000 44325547 80307513
1000000000 71347646 76184035
1000000000 79542945 82280743
1000000000 90629684 94909746
1000000000 71558896 95745396
1000000000 86137140 88039968
1000000000 48918273 59158142
1000000000 80065483 95460448
1000000000 63995917 96797450
1000000000 96627199 97537851
1000000000 68329044 76820585
1000000000 36172847 62507291
1000000000 96210395 97150310
1000000000 12280828 58629849
1000000000 30088064 57196016
1000000000 55536547 80209630
1000000000 22815631 50984182
1000000000 44523924 99497433
1000000000 18096086 54449073
1000000000 72511922 94199534
1000000000 82433982 99373144
1000000000 29251736 56371366
1000000000 90082630 98805780
1000000000 17432064 97813308
1000000000 24042637 85095075
1000000000 44746781 99406606
1000000000 6929299 25309229
1000000000 43719273 81901260
1000000000 7888588 24644291
1000000000 95878236 96947123
1000000000 14161165 45843308
1000000000 83112554 98726637
1000000000 16618590 90706863
1000000000 81683477 96302478
1000000000 11974156 22070454
1000000000 17323711 17367263
1000000000 32675267 45367148
1000000000 46619923 70684576
1000000000 97729099 99138656
1000000000 67257268 91899611
1000000000 27761546 33694627
1000000000 86221169 87920833
1000000000 6041157 36830455
1000000000 73527079 75485037
1000000000 22475354 32384396
