80
1000000000 390577380 600837049
1000000000 499846302 975425172
1000000000 98327017 986559088
1000000000 762543398 824413632
1000000000 954481304 999176703
1000000000 185297369 432012922
1000000000 212265481 587929551
1000000000 344367819 444037181
1000000000 258640716 515125776
1000000000 661702096 814797901
1000000000 294223678 766575207
1000000000 922788032 956775664
1000000000 550397487 710933299
1000000000 751771078 780845379
1000000000 345674162 883526711
1000000000 261683103 603478852
1000000000 44873170 457827249
1000000000 154796258 917555625
1000000000 344611644 821350639
1000000000 164721036 835830074
1000000000 183458906 873745303
1000000000 364869046 880500696
1000000000 103030372 220887322
1000000000 540621959 611027624
1000000000 301533023 454630964
1000000000 335277953 793180576
1000000000 566382032 671502383
1000000000 185104509 708900355
1000000000 924949551 987616332
1000000000 954884011 983833438
1000000000 3046353 637099570
1000000000 573330127 729182428
1000000000 768390540 930659963
1000000000 948033634 951965156
1000000000 664708996 865717870
1000000000 137686003 398166537
1000000000 444775446 528931094
1000000000 291414503 731372098
1000000000 651937383 728293655
1000000000 612856301 705987959
1000000000 499650273 642480024
1000000000 676648050 889415398
1000000000 356345945 791590686
1000000000 167804618 959498802
1000000000 763131375 928305075
1000000000 897661520 943601548
1000000000 120564175 234358803
1000000000 376941796 876922148
1000000000 717663025 914914068
1000000000 326092968 522789851
1000000000 946853026 995931422
1000000000 883965084 919983466
1000000000 592315264 982997620
1000000000 317993702 945542011
1000000000 603111999 605018414
1000000000 609858241 703260352
1000000000 683961670 994817064
1000000000 157523982 730138269
1000000000 879792818 926712829
1000000000 261945432 463438543
1000000000 486217074 735245522
1000000000 995296323 999071316
1000000000 609615123 745970220
1000000000 374373120 934655068
1000000000 981137949 992595502
1000000000 69991380 357330508
1000000000 122821052 389019075
1000000000 405306492 544794309
1000000000 946739425 966500661
1000000000 53551225 437879435
1000000000 695504688 890449414
1000000000 322285694 991943913
1000000000 664427118 780722778
1000000000 805705941 903054232
1000000000 470788656 513503005
1000000000 656288719 774978637
1000000000 828383038 965608586
1000000000 740980120 963520394
1000000000 66543154 332943211
1000000000 743921749 850878544
